1686	564	16
0.41946348547935486	5.080533981323242	0.03799000754952431	0.3260771632194519	0.8760316967964172	0.7272058086989011	3	0.16893073909358985	2	0.10386345220750914	1	0.9508687853813171	-0.26507189869880676	-0.15995469689369202	0.15412379801273346	-0.04279465973377228	0.9871243834495544	-0.26850414276123047	-0.963278591632843	0.00016178192163351923
0.42109236121177673	5.247800827026367	-0.22951634228229523	0.298862099647522	0.8606029152870178	0.8125912420926306	3	0.17540881863515773	2	0.01199993927221167	1	0.9508687853813171	-0.26507189869880676	-0.15995469689369202	0.15412379801273346	-0.042794663459062576	0.9871243238449097	-0.2685041129589081	-0.9632785320281982	0.00016177816723939031
0.48101678490638733	5.315478324890137	0.014558159746229649	0.32270610332489014	0.8528465032577515	0.9111989478849555	3	0.07606451861225763	2	0.012736533502786855	1	0.9508687853813171	-0.26507189869880676	-0.15995469689369202	0.15412379801273346	-0.042794663459062576	0.9871243238449097	-0.2685041129589081	-0.9632785320281982	0.00016177818179130554
0.1880148947238922	4.973085403442383	0.2705063819885254	0.6348131895065308	0.8171829581260681	0.8131510869072789	3	0.13237341190709884	2	0.054475501185622284	1	0.27001428604125977	-0.14420071244239807	0.9519971013069153	0.9577323198318481	0.14209021627902985	-0.25011831521987915	-0.0992022380232811	0.9792938828468323	0.17647206783294678
0.021387862041592598	5.365232467651367	0.37716591358184814	0.6240969896316528	0.8581504821777344	0.9937109574999752	3	0.006289042500024876	2	0.0	0	0.27001428604125977	-0.14420071244239807	0.9519971013069153	0.9577323794364929	0.14209023118019104	-0.25011831521987915	-0.0992022454738617	0.9792938828468323	0.17647206783294678
0.021387774497270584	4.93634033203125	0.3122008740901947	0.6179446578025818	0.816001296043396	0.806454325439029	3	0.14765597378207015	2	0.04588970077890094	1	0.27001428604125977	-0.14420071244239807	0.9519971013069153	0.9577323198318481	0.14209021627902985	-0.25011831521987915	-0.0992022380232811	0.9792938828468323	0.17647206783294678
0.23402312397956848	5.641422271728516	0.22097627818584442	0.648894727230072	0.8820715546607971	1.0	3	0.0	0	0.0	0	0.2817453145980835	0.2987257242202759	0.9118018746376038	0.9323615431785583	0.1391347050666809	-0.33368170261383057	-0.22654259204864502	0.94414222240448	-0.2393198311328888
0.021387862041592598	5.365232467651367	0.37716591358184814	0.6240969896316528	0.8581504821777344	0.9937109574999752	3	0.006289042500024876	2	0.0	0	0.2817453145980835	0.2987257242202759	0.9118018746376038	0.9323615431785583	0.1391347050666809	-0.33368170261383057	-0.22654259204864502	0.94414222240448	-0.2393198311328888
0.2587440311908722	5.364609718322754	0.304027259349823	0.6473652720451355	0.854623556137085	0.9845499031211644	3	0.01545009687883562	2	0.0	0	0.2817453145980835	0.2987257242202759	0.9118018746376038	0.9323615431785583	0.1391347050666809	-0.33368170261383057	-0.22654259204864502	0.94414222240448	-0.2393198311328888
0.23405539989471436	5.641286849975586	-0.20141702890396118	0.1586189568042755	0.02728736214339733	0.9848931633308808	3	0.0151068366691192	2	0.0	0	0.16821177303791046	0.2443697452545166	-0.9549807906150818	0.9845216274261475	0.0067195589654147625	0.17513461410999298	0.049214646220207214	-0.9696588516235352	-0.23945695161819458
0.02138691209256649	5.2890424728393555	-0.3290124833583832	0.13753317296504974	0.06171411648392677	0.841788048024744	3	0.15821195197525598	2	0.0	0	0.16821177303791046	0.2443697452545166	-0.9549807906150818	0.9845215082168579	0.006719558034092188	0.1751345992088318	0.049214646220207214	-0.9696588516235352	-0.23945695161819458
0.021387046203017235	5.675322532653809	-0.23016737401485443	0.13753317296504974	0.02380465529859066	1.0	3	0.0	0	0.0	0	0.16821177303791046	0.2443697452545166	-0.9549807906150818	0.9845215678215027	0.006719562690705061	0.17513461410999298	0.04921464994549751	-0.9696587920188904	-0.2394569367170334
0.18726643919944763	5.06683349609375	-0.18842780590057373	0.15397989749908447	0.08427265286445618	0.7564627951175908	2	0.18458943855904056	3	0.058947766323368615	1	0.17628048360347748	-0.42893168330192566	-0.8859699964523315	0.9814237356185913	0.007356374058872461	0.19171130657196045	-0.07571353763341904	-0.9033070206642151	0.422260582447052
0.02138691209256649	5.2890424728393555	-0.3290124833583832	0.13753317296504974	0.06171411648392677	0.841788048024744	3	0.15821195197525598	2	0.0	0	0.17628048360347748	-0.42893168330192566	-0.8859699964523315	0.9814237356185913	0.007356380112469196	0.19171130657196045	-0.07571353763341904	-0.9033070206642151	0.422260582447052
0.28289633989334106	5.262059211730957	-0.26391661167144775	0.16346147656440735	0.06463608890771866	0.798529439128258	3	0.201470560871742	2	0.0	0	0.17628048360347748	-0.42893168330192566	-0.8859699964523315	0.9814238548278809	0.007356374990195036	0.19171135127544403	-0.07571353763341904	-0.9033070206642151	0.422260582447052
0.48101678490638733	5.315478324890137	0.014558159746229649	0.32270610332489014	0.8528465032577515	0.9111989478849555	3	0.07606451861225763	2	0.012736533502786855	1	0.9362451434135437	0.24514061212539673	-0.25169637799263	0.26958027482032776	-0.04178595542907715	0.9620709419250488	0.22532528638839722	-0.9685866236686707	-0.10520696640014648
0.3464411199092865	5.623300552368164	-0.18622377514839172	0.3015950620174408	0.8232128024101257	0.9640482164444333	3	0.0359517835555667	2	0.0	0	0.9362451434135437	0.24514061212539673	-0.25169637799263	0.26958024501800537	-0.04178594425320625	0.962070882320404	0.2253253012895584	-0.9685866832733154	-0.10520696640014648
0.38538506627082825	5.675322532653809	0.009304589591920376	0.3207123875617981	0.8172172904014587	1.0	3	0.0	0	0.0	0	0.9362451434135437	0.24514061212539673	-0.25169637799263	0.26958027482032776	-0.04178595170378685	0.9620709419250488	0.22532528638839722	-0.9685866236686707	-0.10520696640014648
0.3463914394378662	5.623587608337402	0.20579524338245392	0.3404247760772705	0.8215043544769287	1.0	3	0.0	0	0.0	0	0.9343990087509155	0.2520005404949188	0.2517821490764618	-0.2494586706161499	-0.04167593643069267	0.9674882888793945	0.2543008327484131	-0.9668293595314026	0.023921769112348557
0.48101678490638733	5.315478324890137	0.014558159746229649	0.32270610332489014	0.8528465032577515	0.9111989478849555	3	0.07606451861225763	2	0.012736533502786855	1	0.9343990087509155	0.2520005404949188	0.2517821490764618	-0.2494586557149887	-0.041675932705402374	0.9674882292747498	0.2543008029460907	-0.9668292999267578	0.023921765387058258
0.38538506627082825	5.675322532653809	0.009304589591920376	0.3207123875617981	0.8172172904014587	1.0	3	0.0	0	0.0	0	0.9343990087509155	0.2520005404949188	0.2517821490764618	-0.2494586557149887	-0.041675932705402374	0.9674882292747498	0.2543008029460907	-0.9668292999267578	0.023921765387058258
0.384176105260849	5.364280700683594	0.2653767168521881	0.3474103510379791	0.8469421863555908	0.968161082001382	3	0.03183891799861801	2	0.0	0	0.9009768962860107	-0.19752094149589539	0.3862980008125305	-0.40102365612983704	-0.039306581020355225	0.9152239561080933	-0.16559185087680817	-0.9795103073120117	-0.11462488770484924
0.41946348547935486	5.080533981323242	0.03799000754952431	0.3260771632194519	0.8760316967964172	0.7272058086989011	3	0.16893073909358985	2	0.10386345220750914	1	0.9009768962860107	-0.19752094149589539	0.3862980008125305	-0.4010236859321594	-0.03930658847093582	0.915224015712738	-0.16559185087680817	-0.9795103073120117	-0.11462490260601044
0.48101678490638733	5.315478324890137	0.014558159746229649	0.32270610332489014	0.8528465032577515	0.9111989478849555	3	0.07606451861225763	2	0.012736533502786855	1	0.9009768962860107	-0.19752094149589539	0.3862980008125305	-0.4010237455368042	-0.039306577295064926	0.9152240753173828	-0.16559185087680817	-0.9795103073120117	-0.11462489515542984
0.2213355004787445	4.847353935241699	0.03551613166928291	0.04973170533776283	0.7589353919029236	0.6038513611311846	1	0.22449749122035303	2	0.1716511476484623	4	-0.01342998631298542	0.7081851959228516	0.7058990001678467	1.5522750800300855e-06	-0.7059626579284668	0.7082490921020508	0.9999098777770996	0.009512871503829956	0.00947996973991394
0.021387536078691483	4.744714736938477	0.13468365371227264	0.06251507252454758	0.7391033172607422	0.7846624018250137	1	0.1680262743560285	2	0.04731132381895783	4	-0.01342998631298542	0.7081851959228516	0.7058990001678467	1.5526750303251902e-06	-0.705962598323822	0.7082490921020508	0.9999097585678101	0.009512871503829956	0.009479967877268791
0.5000824928283691	4.744878768920898	0.14362643659114838	0.06333939731121063	0.7865831851959229	0.7193055964698408	4	0.2143682599501287	1	0.06632614358003051	2	-0.01342998631298542	0.7081851959228516	0.7058990001678467	1.5518744476139545e-06	-0.7059626579284668	0.708249032497406	0.9999097585678101	0.009512869641184807	0.00947996973991394
0.1880148947238922	4.973085403442383	0.2705063819885254	0.21062223613262177	0.9379928708076477	0.8131510869072789	3	0.13237341190709884	2	0.054475501185622284	1	0.2899985611438751	-0.9454745650291443	-0.14825241267681122	-1.9273195448477054e-06	0.15490873157978058	-0.9879288077354431	0.9570270776748657	0.28649818897247314	0.04492148384451866
0.021387431770563126	4.955461502075195	0.05695994570851326	0.23172156512737274	0.9214657545089722	0.66259202416238	2	0.21347030875145132	3	0.12393766708616863	1	0.2899985611438751	-0.9454745650291443	-0.14825241267681122	-1.9229980807722313e-06	0.15490874648094177	-0.9879288077354431	0.9570270776748657	0.28649818897247314	0.04492149129509926
0.2818308472633362	5.037291526794434	0.04454876482486725	0.23323334753513336	0.9472981691360474	0.6423316560558423	3	0.18372563068403586	1	0.17394271326012184	2	0.2899985611438751	-0.9454745650291443	-0.14825241267681122	-1.9273195448477054e-06	0.15490873157978058	-0.9879288673400879	0.9570271372795105	0.28649821877479553	0.04492148384451866
0.23402312397956848	5.641422271728516	0.22097627818584442	0.1587727963924408	0.9375656247138977	1.0	3	0.0	0	0.0	0	0.19776341319084167	0.8820380568504333	0.42766642570495605	0.07007598876953125	-0.4478880763053894	0.8913392424583435	0.9777418375015259	-0.1463051438331604	-0.1503855586051941
0.021387368440628052	5.791728973388672	0.009305122308433056	0.13246139883995056	0.9182820916175842	1.0	3	0.0	0	0.0	0	0.19776341319084167	0.8820380568504333	0.42766642570495605	0.07007599622011185	-0.4478881359100342	0.8913393020629883	0.9777417778968811	-0.1463051438331604	-0.1503855586051941
0.02138769067823887	5.675168991088867	0.24970340728759766	0.1587727963924408	0.9164226055145264	1.0	3	0.0	0	0.0	0	0.19776341319084167	0.8820380568504333	0.42766642570495605	0.07007598876953125	-0.4478880763053894	0.8913392424583435	0.9777418375015259	-0.1463051438331604	-0.1503855586051941
0.23405539989471436	5.641286849975586	-0.20141702890396118	0.1196712926030159	0.940332293510437	0.9848931633308808	3	0.0151068366691192	2	0.0	0	0.28543299436569214	0.89253830909729	-0.34914645552635193	0.05320272594690323	0.3489840626716614	0.9356172680854797	0.9569208025932312	-0.28563159704208374	0.05212608724832535
0.021387368440628052	5.791728973388672	0.009305122308433056	0.13246139883995056	0.9182820916175842	1.0	3	0.0	0	0.0	0	0.28543299436569214	0.89253830909729	-0.34914645552635193	0.05320272222161293	0.348984032869339	0.935617208480835	0.956920862197876	-0.28563159704208374	0.052126090973615646
0.2595348060131073	5.715569496154785	0.009304772131145	0.13677459955215454	0.9416570663452148	1.0	3	0.0	0	0.0	0	0.28543299436569214	0.89253830909729	-0.34914645552635193	0.05320274084806442	0.348984032869339	0.9356172680854797	0.9569208025932312	-0.28563159704208374	0.052126068621873856
0.02138766460120678	3.4399168491363525	0.22839613258838654	0.41987359523773193	0.3368622660636902	0.9887755352313436	1	0.011224464768656354	0	0.0	0	0.16301946341991425	-0.027153661474585533	0.9862491488456726	0.9866183996200562	0.001459982362575829	-0.16304028034210205	0.0029872343875467777	0.9996302723884583	0.02702830731868744
0.32404017448425293	2.787745714187622	0.16041424870491028	0.4498811960220337	0.2721181809902191	0.8933195191163968	10	0.0815476403859568	0	0.025132840497646337	13	0.16301946341991425	-0.027153661474585533	0.9862491488456726	0.9866183400154114	0.001459982362575829	-0.16304028034210205	0.0029872343875467777	0.9996302127838135	0.02702830545604229
0.3545224666595459	3.4399168491363525	0.17333149909973145	0.4529034495353699	0.336813360452652	0.8930054207826595	1	0.1069945792173404	10	0.0	0	0.16301946341991425	-0.027153661474585533	0.9862491488456726	0.9866183996200562	0.0014599820133298635	-0.16304029524326324	0.0029872350860387087	0.9996302723884583	0.02702830731868744
0.4043554365634918	4.91261100769043	-0.21940730512142181	0.17550399899482727	0.09944035112857819	0.37803097211081127	2	0.32651501059761595	4	0.2954540172915727	1	0.26625847816467285	0.6826286315917969	-0.6805325746536255	0.9261518716812134	0.014471501111984253	0.3768731355667114	0.26711270213127136	-0.7306221723556519	-0.628364622592926
0.4511328637599945	4.70790958404541	-0.40643754601478577	0.18014194071292877	0.11901737749576569	0.6510061906109633	4	0.23583466644230971	1	0.11315914294672702	2	0.26625847816467285	0.6826286315917969	-0.6805325746536255	0.9261518716812134	0.014471479691565037	0.37687310576438904	0.26711270213127136	-0.7306221723556519	-0.628364622592926
0.27194616198539734	4.946826934814453	-0.23689113557338715	0.1623757779598236	0.09598252177238464	0.641513780898318	2	0.20408621503371732	1	0.1544000040679646	4	0.26625847816467285	0.6826286315917969	-0.6805325746536255	0.9261518716812134	0.014471479691565037	0.3768731355667114	0.26711273193359375	-0.7306221723556519	-0.628364622592926
0.32699909806251526	4.884982109069824	0.028957419097423553	0.04781079664826393	0.7694157361984253	0.5276188015136207	1	0.2513810224124231	4	0.22100017607395614	3	0.6036542057991028	0.7496265769004822	0.2714066207408905	2.2726533188688336e-06	-0.34043172001838684	0.9402692317962646	0.7972463369369507	-0.5675969123840332	-0.20550477504730225
0.6782345771789551	4.70790958404541	-0.2631743550300598	0.026871953159570694	0.8042534589767456	0.9216976524843915	4	0.07830234751560851	1	0.0	0	0.6036542057991028	0.7496265769004822	0.2714066207408905	2.272653546242509e-06	-0.34043174982070923	0.9402692914009094	0.7972462773323059	-0.5675969123840332	-0.20550477504730225
0.4043554365634918	4.91261100769043	-0.21940730512142181	0.023795682936906815	0.777088463306427	0.37803097211081127	2	0.32651501059761595	4	0.2954540172915727	1	0.6036542057991028	0.7496265769004822	0.2714066207408905	2.2726533188688336e-06	-0.34043172001838684	0.9402692317962646	0.7972463369369507	-0.5675969123840332	-0.20550477504730225
0.2749262750148773	5.071768760681152	-0.17466318607330322	0.3051533102989197	0.8778212666511536	0.642229236866701	2	0.26799060197788316	3	0.0897801611554159	1	0.7792044878005981	0.5482838749885559	0.3036860227584839	-0.3380098342895508	-0.04043374955654144	0.9402735829353333	0.5278159976005554	-0.8353142738342285	0.15381917357444763
0.32699909806251526	4.884982109069824	0.028957419097423553	0.3260857164859772	0.8954545259475708	0.5276188015136207	1	0.2513810224124231	4	0.22100017607395614	3	0.7792044878005981	0.5482838749885559	0.3036860227584839	-0.3380098342895508	-0.04043373838067055	0.940273642539978	0.5278159976005554	-0.8353143334388733	0.15381918847560883
0.4043554365634918	4.91261100769043	-0.21940730512142181	0.30131101608276367	0.8937758207321167	0.37803097211081127	2	0.32651501059761595	4	0.2954540172915727	1	0.7792044878005981	0.5482838749885559	0.3036860227584839	-0.3380098342895508	-0.04043374955654144	0.940273642539978	0.5278160572052002	-0.8353142738342285	0.15381917357444763
0.2749262750148773	5.071768760681152	-0.17466318607330322	0.1626712530851364	0.08383587747812271	0.642229236866701	2	0.26799060197788316	3	0.0897801611554159	1	0.11498452723026276	0.4406646192073822	-0.8902770280838013	0.9914317727088928	0.005011280067265034	0.1305297166109085	0.06198125705122948	-0.8976578712463379	-0.4363126754760742
0.27194616198539734	4.946826934814453	-0.23689113557338715	0.1623757779598236	0.09598252177238464	0.641513780898318	2	0.20408621503371732	1	0.1544000040679646	4	0.11498452723026276	0.4406646192073822	-0.8902770280838013	0.991431713104248	0.005011275876313448	0.13052970170974731	0.06198124587535858	-0.8976578116416931	-0.43631264567375183
0.18726643919944763	5.06683349609375	-0.18842780590057373	0.15397989749908447	0.08427265286445618	0.7564627951175908	2	0.18458943855904056	3	0.058947766323368615	1	0.11498452723026276	0.4406646192073822	-0.8902770280838013	0.9914317727088928	0.005011273082345724	0.1305297166109085	0.06198125332593918	-0.8976578712463379	-0.4363126754760742
0.021387431770563126	4.955461502075195	0.05695994570851326	0.8550617098808289	0.931088924407959	0.66259202416238	2	0.21347030875145132	3	0.12393766708616863	1	0.069221630692482	-0.06937404721975327	0.9951862692832947	8.417293315687857e-07	0.9975790977478027	0.06954078376293182	-0.9976012706756592	-0.0048128883354365826	0.06905410438776016
0.2213355004787445	4.847353935241699	0.03551613166928291	0.8443243503570557	0.9112568497657776	0.6038513611311846	1	0.22449749122035303	2	0.1716511476484623	4	0.069221630692482	-0.06937404721975327	0.9951862692832947	8.422450719081098e-07	0.9975790977478027	0.06954078376293182	-0.9976012706756592	-0.004812887869775295	0.06905410438776016
0.2818308472633362	5.037291526794434	0.04454876482486725	0.8631635904312134	0.9052565693855286	0.6423316560558423	3	0.18372563068403586	1	0.17394271326012184	2	0.069221630692482	-0.06937404721975327	0.9951862692832947	8.422451855949475e-07	0.9975791573524475	0.06954079121351242	-0.997601330280304	-0.0048128883354365826	0.06905410438776016
0.021386733278632164	2.787745714187622	-0.46625080704689026	0.13753320276737213	0.30910322070121765	0.6886873947864809	0	0.1571707841687536	10	0.1541418210447655	13	-0.1504056304693222	-0.16465720534324646	-0.9748160243034363	0.9884362816810608	-0.005809754598885775	-0.15152578055858612	0.019286368042230606	-0.9863337278366089	0.16362695395946503
0.05666329339146614	2.513895273208618	-0.4254373013973236	0.14103083312511444	0.33640068769454956	0.7209921448745301	0	0.19171971039075675	10	0.0872881447347131	13	-0.1504056304693222	-0.16465720534324646	-0.9748160243034363	0.9884362816810608	-0.005809755064547062	-0.15152578055858612	0.019286368042230606	-0.9863337278366089	0.16362695395946503
0.02138679288327694	2.513895273208618	-0.41999444365501404	0.13753321766853333	0.3364213705062866	0.728372427646066	0	0.1374615433609375	10	0.13416602899299646	13	-0.1504056304693222	-0.16465720534324646	-0.9748160243034363	0.988436222076416	-0.005809754133224487	-0.15152576565742493	0.019286369904875755	-0.9863337874412537	0.16362696886062622
0.501517117023468	3.459916591644287	-0.3656426668167114	0.18513748049736023	0.24286507070064545	0.8563566394972841	1	0.1405540166398	10	0.0030893438629158386	4	0.19100598990917206	0.04381728544831276	-0.9806104898452759	0.9814649820327759	0.007350707892328501	0.19150090217590332	0.015599229373037815	-0.9990125894546509	-0.04160109907388687
0.34873172640800476	2.787745714187622	-0.42543768882751465	0.16998903453350067	0.30925849080085754	0.9251294670607682	10	0.07487053293923188	0	0.0	0	0.19100598990917206	0.04381728544831276	-0.9806104898452759	0.9814649820327759	0.007350706961005926	0.19150090217590332	0.01559922844171524	-0.9990125894546509	-0.04160109907388687
0.3355145752429962	3.4530017375946045	-0.3982860743999481	0.16867855191230774	0.24342623353004456	0.8906269321339302	1	0.10937306786606987	10	0.0	0	0.19100598990917206	0.04381728544831276	-0.9806104898452759	0.9814649224281311	0.0073507074266672134	0.19150088727474213	0.01559922844171524	-0.9990125298500061	-0.04160109534859657
0.501517117023468	3.459916591644287	-0.3656426668167114	0.6798698306083679	0.37015074491500854	0.8563566394972841	1	0.1405540166398	10	0.0030893438629158386	4	0.9661643505096436	0.24328869581222534	0.08565608412027359	0.09644380211830139	-0.03275923430919647	-0.9947992563247681	-0.2392173856496811	0.9694005846977234	-0.055114492774009705
0.6320183873176575	2.787745714187622	0.07152298837900162	0.6388277411460876	0.3021104335784912	0.9482868482031952	10	0.051713151796804836	1	0.0	0	0.9661643505096436	0.24328869581222534	0.08565608412027359	0.0964437946677208	-0.03275923430919647	-0.9947991967201233	-0.2392173707485199	0.9694005250930786	-0.055114489048719406
0.6697590947151184	2.787745714187622	-0.35417625308036804	0.6810380220413208	0.303499698638916	0.9814235041580504	10	0.01857649584194963	1	0.0	0	0.9661643505096436	0.24328869581222534	0.08565608412027359	0.0964437946677208	-0.03275923803448677	-0.9947991967201233	-0.2392173707485199	0.9694005250930786	-0.055114492774009705
0.7530514001846313	4.70790958404541	0.1483522653579712	0.4924170970916748	0.46255338191986084	0.9757239146053587	4	0.024276085394641322	1	0.0	0	0.4271738827228546	0.2391660511493683	0.8719645142555237	0.8975915908813477	0.003944845404475927	-0.44081056118011475	-0.10886666923761368	0.9709706902503967	-0.21298828721046448
0.9065603613853455	4.389217376708984	0.1605607271194458	0.5076373219490051	0.4309556484222412	0.9948856062008504	4	0.005114393799149552	1	0.0	0	0.4271738827228546	0.2391660511493683	0.8719645142555237	0.8975915908813477	0.003944837488234043	-0.44081056118011475	-0.10886666178703308	0.9709706902503967	-0.21298828721046448
1.0836162567138672	4.430907249450684	0.06238648667931557	0.5251922011375427	0.435003399848938	1.0	4	0.0	0	0.0	0	0.4271738827228546	0.2391660511493683	0.8719645142555237	0.8975915908813477	0.003944845404475927	-0.44081056118011475	-0.10886666923761368	0.9709706902503967	-0.21298828721046448
0.4511328637599945	4.70790958404541	-0.40643754601478577	0.18014194071292877	0.11901737749576569	0.6510061906109633	4	0.23583466644230971	1	0.11315914294672702	2	0.08755717426538467	0.0	-0.9961594939231873	0.9961538314819336	0.0033620791509747505	0.08755667507648468	0.003349167061969638	-0.9999943375587463	0.0002943741565104574
0.6782343983650208	4.415805816650391	-0.3864765167236328	0.2026587575674057	0.1480446308851242	0.9344458409674858	4	0.06555415903251412	1	0.0	0	0.08755717426538467	0.0	-0.9961594939231873	0.9961539506912231	0.003362079616636038	0.08755668252706528	0.003349167061969638	-0.9999943375587463	0.0002943741565104574
0.4511328637599945	4.415805816650391	-0.40643754601478577	0.18014194071292877	0.14796866476535797	0.6590065379014542	4	0.32945867488422126	1	0.01153478721432448	2	0.08755717426538467	0.0	-0.9961594939231873	0.9961539506912231	0.003362079383805394	0.08755668252706528	0.0033491668291389942	-0.9999943375587463	0.00029437412740662694
0.021387536078691483	4.744714736938477	0.13468365371227264	0.41987359523773193	0.4661916196346283	0.7846624018250137	1	0.1680262743560285	2	0.04731132381895783	4	-0.017225753515958786	0.4038478136062622	0.914664089679718	0.9998213648796082	-0.00016966054681688547	0.018904419615864754	0.007789690047502518	0.9148262143135071	-0.4037727117538452
0.5096754431724548	4.418412208557129	0.2879505157470703	0.4682866632938385	0.4339643120765686	0.7087189523540686	4	0.29128104764593143	1	0.0	0	-0.017225753515958786	0.4038478136062622	0.914664089679718	0.9998213648796082	-0.00016966054681688547	0.018904419615864754	0.007789690047502518	0.9148262143135071	-0.4037727117538452
0.5000824928283691	4.744878768920898	0.14362643659114838	0.4673355519771576	0.4662158489227295	0.7193055964698408	4	0.2143682599501287	1	0.06632614358003051	2	-0.017225753515958786	0.4038478136062622	0.914664089679718	0.9998213648796082	-0.00016966130351647735	0.018904419615864754	0.007789690513163805	0.9148262143135071	-0.4037727117538452
0.6782343983650208	4.415805816650391	-0.3864765167236328	0.6789496541023254	0.4649997353553772	0.9344458409674858	4	0.06555415903251412	1	0.0	0	0.9353073835372925	-0.32373136281967163	-0.1428222805261612	-0.16174286603927612	-0.03216381371021271	-0.9863086938858032	0.3147053122520447	0.9456021785736084	-0.08244428038597107
0.7422768473625183	4.30716609954834	0.2791721522808075	0.6133870482444763	0.45207247138023376	0.7557931601720808	4	0.2442068398279193	1	0.0	0	0.9353073835372925	-0.32373136281967163	-0.1428222805261612	-0.16174286603927612	-0.03216381371021271	-0.9863086938858032	0.31470534205436707	0.9456021785736084	-0.08244428783655167
0.6614370942115784	4.3749494552612305	-0.4038698971271515	0.6807942986488342	0.46100401878356934	0.8579698069048496	4	0.14203019309515044	1	0.0	0	0.9353073835372925	-0.32373136281967163	-0.1428222805261612	-0.16174285113811493	-0.03216380998492241	-0.9863086342811584	0.31470534205436707	0.9456022381782532	-0.08244428038597107
0.4511328637599945	4.415805816650391	-0.40643754601478577	0.18014194071292877	0.14796866476535797	0.6590065379014542	4	0.32945867488422126	1	0.01153478721432448	2	0.05586507171392441	0.22644764184951782	-0.9724200367927551	0.9983215928077698	0.0022242197301238775	0.057871054857969284	0.015267637558281422	-0.974020779132843	-0.22594328224658966
0.6614370942115784	4.3749494552612305	-0.4038698971271515	0.20099332928657532	0.1520279496908188	0.8579698069048496	4	0.14203019309515044	1	0.0	0	0.05586507171392441	0.22644764184951782	-0.9724200367927551	0.9983215928077698	0.002224218798801303	0.057871054857969284	0.015267636626958847	-0.974020779132843	-0.22594328224658966
0.44014304876327515	4.336925506591797	-0.4254377782344818	0.17905232310295105	0.15571455657482147	0.5818397988846417	4	0.41816020111535834	1	0.0	0	0.05586507171392441	0.22644764184951782	-0.9724200367927551	0.998321533203125	0.0022242185659706593	0.057871051132678986	0.015267637558281422	-0.9740208387374878	-0.22594329714775085
0.021387778222560883	4.387215614318848	0.31355997920036316	0.41987359523773193	0.4308929443359375	0.8237068988351378	1	0.08958044891181156	4	0.08671265225305066	7	0.04502350091934204	0.11034905910491943	0.9928725957870483	0.9989713430404663	0.00040642329258844256	-0.045345231890678406	-0.005407330580055714	0.9938928484916687	-0.11021725088357925
0.4930332899093628	4.275896072387695	0.304544597864151	0.46663662791252136	0.4198440611362457	0.5582239242923686	4	0.4417760757076314	1	0.0	0	0.04502350091934204	0.11034905910491943	0.9928725957870483	0.9989713430404663	0.0004064232634846121	-0.045345231890678406	-0.005407330580055714	0.9938928484916687	-0.11021725088357925
0.5096754431724548	4.418412208557129	0.2879505157470703	0.4682866632938385	0.4339643120765686	0.7087189523540686	4	0.29128104764593143	1	0.0	0	0.04502350091934204	0.11034905910491943	0.9928725957870483	0.9989712834358215	0.00040642364183440804	-0.04534522816538811	-0.005407330114394426	0.9938927888870239	-0.11021724343299866
0.7422768473625183	4.30716609954834	0.2791721522808075	0.6133870482444763	0.45207247138023376	0.7557931601720808	4	0.2442068398279193	1	0.0	0	0.9499191641807556	-0.27930888533592224	-0.1401432305574417	-0.15513847768306732	-0.03220859915018082	-0.9873675107955933	0.2712666988372803	0.9596609473228455	-0.07392711937427521
0.4933571219444275	3.7542011737823486	-0.30598339438438416	0.6729951500892639	0.39912888407707214	0.8726808022797685	1	0.11074870627878317	4	0.01657049144144829	10	0.9499191641807556	-0.27930888533592224	-0.1401432305574417	-0.15513849258422852	-0.03220859915018082	-0.9873675107955933	0.2712666988372803	0.9596609473228455	-0.0739271268248558
0.6614370942115784	4.3749494552612305	-0.4038698971271515	0.6807942986488342	0.46100401878356934	0.8579698069048496	4	0.14203019309515044	1	0.0	0	0.9499191641807556	-0.27930888533592224	-0.1401432305574417	-0.15513849258422852	-0.03220859915018082	-0.9873675107955933	0.2712666988372803	0.9596609473228455	-0.0739271268248558
0.44014304876327515	4.336925506591797	-0.4254377782344818	0.17905232310295105	0.15571455657482147	0.5818397988846417	4	0.41816020111535834	1	0.0	0	0.16411858797073364	-0.18368929624557495	-0.9691869616508484	0.9861416816711426	0.0063627189956605434	0.16578371822834015	-0.024286027997732162	-0.9829637408256531	0.18218789994716644
0.4933571219444275	3.7542011737823486	-0.30598339438438416	0.18432842195034027	0.21392454206943512	0.8726808022797685	1	0.11074870627878317	4	0.01657049144144829	10	0.16411858797073364	-0.18368929624557495	-0.9691869616508484	0.9861416816711426	0.00636271620169282	0.16578371822834015	-0.02428602986037731	-0.9829637408256531	0.18218789994716644
0.3301759362220764	3.7542011737823486	-0.33361589908599854	0.1681492179632187	0.21381942927837372	0.932277545356034	1	0.06712920906482954	4	0.0005932455791364552	10	0.16411858797073364	-0.18368929624557495	-0.9691869616508484	0.9861416816711426	0.006362716667354107	0.16578371822834015	-0.02428602986037731	-0.9829637408256531	0.18218789994716644
0.021387754008173943	4.216723442077637	0.2974449396133423	0.41987359523773193	0.41396886110305786	0.8545133155011293	1	0.07381821604764142	4	0.0716684684512293	7	0.01653473824262619	-0.24800972640514374	0.9686164259910583	0.9998549818992615	0.0001517430937383324	-0.017029142007231712	0.004076411947607994	0.9687575101852417	0.24797625839710236
0.3545224666595459	3.7542011737823486	0.17333149909973145	0.45290347933769226	0.3679847717285156	0.9157410506661627	1	0.08314389393738926	4	0.0011150553964480567	10	0.01653473824262619	-0.24800972640514374	0.9686164259910583	0.9998550415039062	0.00015174265718087554	-0.017029142007231712	0.004076412413269281	0.9687575697898865	0.24797627329826355
0.4930332899093628	4.275896072387695	0.304544597864151	0.46663662791252136	0.4198440611362457	0.5582239242923686	4	0.4417760757076314	1	0.0	0	0.01653473824262619	-0.24800972640514374	0.9686164259910583	0.9998549818992615	0.00015174310829024762	-0.017029142007231712	0.004076411947607994	0.9687575101852417	0.24797625839710236
0.4933571219444275	3.7542011737823486	-0.30598339438438416	0.6729951500892639	0.39912888407707214	0.8726808022797685	1	0.11074870627878317	4	0.01657049144144829	10	0.997626006603241	0.03914784640073776	-0.05665481463074684	-0.05538979917764664	-0.0326770655810833	-0.9979299902915955	-0.040918122977018356	0.9986990094184875	-0.030431099236011505
0.5305693745613098	3.4399168491363525	0.132114440202713	0.630631148815155	0.36655253171920776	0.857107376499099	1	0.13291224318640787	10	0.009980380314493194	4	0.997626006603241	0.03914784640073776	-0.05665481463074684	-0.05538979545235634	-0.032677061855793	-0.9979299306869507	-0.040918122977018356	0.9986990690231323	-0.030431099236011505
0.501517117023468	3.459916591644287	-0.3656426668167114	0.6798698306083679	0.37015074491500854	0.8563566394972841	1	0.1405540166398	10	0.0030893438629158386	4	0.997626006603241	0.03914784640073776	-0.05665481463074684	-0.05538979917764664	-0.0326770655810833	-0.9979299902915955	-0.040918122977018356	0.9986990094184875	-0.030431099236011505
0.3301759362220764	3.7542011737823486	-0.33361589908599854	0.1681492179632187	0.21381942927837372	0.932277545356034	1	0.06712920906482954	4	0.0005932455791364552	10	0.18025478720664978	0.20953911542892456	-0.9610419273376465	0.9825531840324402	0.007133515551686287	0.18584482371807098	0.04579737037420273	-0.9777743220329285	-0.20459750294685364
0.501517117023468	3.459916591644287	-0.3656426668167114	0.18513748049736023	0.24286507070064545	0.8563566394972841	1	0.1405540166398	10	0.0030893438629158386	4	0.18025478720664978	0.20953911542892456	-0.9610419273376465	0.982553243637085	0.007133516017347574	0.18584483861923218	0.04579737037420273	-0.9777742624282837	-0.20459748804569244
0.3355145752429962	3.4530017375946045	-0.3982860743999481	0.16867855191230774	0.24342623353004456	0.8906269321339302	1	0.10937306786606987	10	0.0	0	0.18025478720664978	0.20953911542892456	-0.9610419273376465	0.982553243637085	0.007133515551686287	0.18584483861923218	0.04579737037420273	-0.9777742624282837	-0.20459748804569244
0.3545224666595459	3.7542011737823486	0.17333149909973145	0.45290347933769226	0.3679847717285156	0.9157410506661627	1	0.08314389393738926	4	0.0011150553964480567	10	0.16307955980300903	0.0	0.9866129159927368	0.9866118431091309	0.001460268977098167	-0.1630793809890747	-0.0014407202834263444	0.999998927116394	0.0002381400263402611
0.02138766460120678	3.4399168491363525	0.22839613258838654	0.41987359523773193	0.3368622660636902	0.9887755352313436	1	0.011224464768656354	0	0.0	0	0.16307955980300903	0.0	0.9866129159927368	0.9866119027137756	0.0014602692099288106	-0.1630793958902359	-0.001440720516256988	0.9999989867210388	0.00023814005544409156
0.3545224666595459	3.4399168491363525	0.17333149909973145	0.4529034495353699	0.336813360452652	0.8930054207826595	1	0.1069945792173404	10	0.0	0	0.16307955980300903	0.0	0.9866129159927368	0.9866119027137756	0.0014602690935134888	-0.1630793958902359	-0.0014407203998416662	0.9999989867210388	0.00023814004089217633
0.7530514001846313	4.70790958404541	0.1483522653579712	0.06506724655628204	0.811674177646637	0.9757239146053587	4	0.024276085394641322	1	0.0	0	0.59536212682724	0.796133279800415	-0.10823868960142136	1.6668063835822977e-06	0.13471493124961853	0.9908844828605652	0.803457498550415	-0.5899352431297302	0.08020284026861191
1.0087995529174805	4.461082458496094	-0.2604159116744995	0.03573548421263695	0.837040901184082	0.9405662240258603	4	0.05943377597413969	1	0.0	0	0.59536212682724	0.796133279800415	-0.10823868960142136	1.6623703231744003e-06	0.13471493124961853	0.9908844232559204	0.8034574389457703	-0.5899352431297302	0.08020284026861191
0.6782345771789551	4.70790958404541	-0.2631743550300598	0.026871953159570694	0.8042534589767456	0.9216976524843915	4	0.07830234751560851	1	0.0	0	0.59536212682724	0.796133279800415	-0.10823868960142136	1.6623703231744003e-06	0.13471493124961853	0.9908844232559204	0.8034574389457703	-0.5899352431297302	0.08020284026861191
0.7447293400764465	3.9878575801849365	-0.4367499053478241	0.7946377992630005	0.5646787881851196	1.0	4	0.0	0	0.0	0	-0.9644051194190979	-0.22370947897434235	0.14098574221134186	-0.16952292621135712	0.11387193202972412	-0.9789254665374756	0.20294058322906494	-0.9679810404777527	-0.14774255454540253
0.9248847365379333	3.479520320892334	-0.011012334376573563	0.7467572093009949	0.6098833680152893	0.9017094581820957	4	0.09829054181790428	5	0.0	0	-0.9644051194190979	-0.22370947897434235	0.14098574221134186	-0.16952292621135712	0.11387193948030472	-0.9789255261421204	0.20294059813022614	-0.9679811000823975	-0.14774255454540253
0.8304970860481262	3.9993278980255127	0.16814014315605164	0.735137403011322	0.5566161870956421	1.0	4	0.0	0	0.0	0	-0.9644051194190979	-0.22370947897434235	0.14098574221134186	-0.16952292621135712	0.11387193948030472	-0.9789255261421204	0.20294059813022614	-0.9679811000823975	-0.14774255454540253
0.6782345771789551	4.70790958404541	-0.2631743550300598	0.2026587575674057	0.11956236511468887	0.9216976524843915	4	0.07830234751560851	1	0.0	0	0.285647451877594	0.37268689274787903	-0.8828986287117004	0.9498818516731262	0.011988026089966297	0.3123791515827179	0.12700381875038147	-0.9278796911239624	-0.3505841791629791
0.8299785852432251	4.436589241027832	-0.3286091089248657	0.21770398318767548	0.14620482921600342	0.9372536405016698	4	0.06274635949833014	1	0.0	0	0.285647451877594	0.37268689274787903	-0.8828986287117004	0.9498818516731262	0.011988026089966297	0.3123791515827179	0.12700381875038147	-0.9278796911239624	-0.3505841791629791
0.6782343983650208	4.415805816650391	-0.3864765167236328	0.2026587575674057	0.1480446308851242	0.9344458409674858	4	0.06555415903251412	1	0.0	0	0.285647451877594	0.37268689274787903	-0.8828986287117004	0.9498818516731262	0.011988014914095402	0.3123791515827179	0.12700381875038147	-0.9278796911239624	-0.3505841791629791
1.0257519483566284	4.007142066955566	-0.3403051495552063	0.2113761156797409	0.6790152788162231	1.0	4	0.0	0	0.0	0	0.9696224927902222	0.022661052644252777	-0.24355418980121613	0.24421902000904083	-0.0336882621049881	0.9691348075866699	0.013756697066128254	-0.9991754293441772	-0.038199156522750854
1.11162269115448	3.479520320892334	-0.04753359407186508	0.24213236570358276	0.7303069829940796	0.8584457722554089	4	0.14155422774459117	5	0.0	0	0.9696224927902222	0.022661052644252777	-0.24355418980121613	0.24421902000904083	-0.0336882583796978	0.9691347479820251	0.013756697997450829	-0.999175488948822	-0.038199156522750854
1.0247704982757568	3.463829278945923	-0.3947639763355255	0.20784175395965576	0.7330588102340698	0.5181462806636472	4	0.48185371933635285	5	0.0	0	0.9696224927902222	0.022661052644252777	-0.24355418980121613	0.24421903491020203	-0.0336882621049881	0.9691348075866699	0.013756697997450829	-0.999175488948822	-0.038199152797460556
1.1852400302886963	3.210294723510742	0.0014268175000324845	0.24785368144512177	0.7568212151527405	0.8246756397166515	5	0.12514582896642282	4	0.05017853131692573	6	0.9745746850967407	0.014936771243810654	-0.2235642373561859	0.22395385801792145	-0.03384388983249664	0.9740119576454163	0.006982310675084591	-0.9993155002593994	-0.036328546702861786
1.1212338209152222	2.736450433731079	-0.3092513680458069	0.21873807907104492	0.8048614263534546	0.8865254406590131	5	0.11347455934098694	6	0.0	0	0.9745746850967407	0.014936771243810654	-0.2235642373561859	0.22395384311676025	-0.033843886107206345	0.9740118980407715	0.0069823116064071655	-0.9993155598640442	-0.036328546702861786
1.0879472494125366	3.1979122161865234	-0.42352500557899475	0.20585796236991882	0.7595123052597046	0.9377908643367692	5	0.062209135663230844	4	0.0	0	0.9745746850967407	0.014936771243810654	-0.2235642373561859	0.22395385801792145	-0.03384388983249664	0.9740119576454163	0.006982310675084591	-0.9993155002593994	-0.036328546702861786
1.0879472494125366	3.1979122161865234	-0.42352500557899475	0.2432812750339508	0.26861289143562317	0.9377908643367692	5	0.062209135663230844	4	0.0	0	0.06995905190706253	-0.26829251646995544	-0.9607939124107361	0.9974112510681152	0.002756284549832344	0.07185563445091248	-0.016630107536911964	-0.9633336067199707	0.2677907943725586
1.0106291770935059	2.736450433731079	-0.30029603838920593	0.23561526834964752	0.3148186206817627	0.9453896583225866	5	0.05461034167741338	6	0.0	0	0.06995905190706253	-0.26829251646995544	-0.9607939124107361	0.9974111914634705	0.002756282687187195	0.07185562700033188	-0.016630107536911964	-0.9633335471153259	0.2677907943725586
0.9495055675506592	3.20461106300354	-0.43547606468200684	0.22955496609210968	0.26790350675582886	0.9231944183126123	5	0.07680558168738766	4	0.0	0	0.06995905190706253	-0.26829251646995544	-0.9607939124107361	0.9974112510681152	0.002756284549832344	0.07185563445091248	-0.016630107536911964	-0.9633336067199707	0.2677907943725586
1.0257519483566284	4.007142066955566	-0.3403051495552063	0.23711466789245605	0.18872427940368652	1.0	4	0.0	0	0.0	0	0.3184612989425659	0.08216433972120285	-0.9443682432174683	0.9471758604049683	0.012303436174988747	0.32047852873802185	0.03795088455080986	-0.9965429306030273	-0.07390591502189636
0.9364266991615295	3.472317695617676	-0.4169597029685974	0.22825820744037628	0.24144072830677032	0.5890498778606778	4	0.4109501221393222	5	0.0	0	0.3184612989425659	0.08216433972120285	-0.9443682432174683	0.9471758604049683	0.012303437106311321	0.32047852873802185	0.03795088455080986	-0.9965429306030273	-0.07390591502189636
0.8737311363220215	3.9967095851898193	-0.39247751235961914	0.2220420241355896	0.18955975770950317	1.0	4	0.0	0	0.0	0	0.3184612989425659	0.08216433972120285	-0.9443682432174683	0.9471758604049683	0.012303437106311321	0.32047852873802185	0.03795088455080986	-0.9965429306030273	-0.07390591502189636
0.9576807022094727	3.9718830585479736	0.09772691130638123	0.5127058029174805	0.3895077705383301	1.0	4	0.0	0	0.0	0	0.1870741844177246	-0.22371308505535126	0.9565332531929016	0.9814810752868652	0.0017171661602333188	-0.19155174493789673	0.04121009632945061	0.9746535420417786	0.21989136934280396
